178237576
138342672
81525796
80216196
50744643
48134901
44047420
43953860
43247739
41462060
34802939
32448373
31580278
30888241
29946181
29542812
27149564
26045152
25932688
24834879
23643717
23364339
22841180
22515589
22158424
21947917
20619078
19058645
17709766
16353994
15975539
15122782
14993322
14565340
14403371
13104827
13090499
12797649
12474923
11686060
11369597
11280874
11218656
11198142
10954036
10788579
10570577
10026969
9479246
9417336
8671142
8433640
8213770
8032764
8010239
7942157
7795210
7759608
7723201
7641748
7625678
7246095
7218456
7199466
7164143
7148739
7139194
7092632
6911460
6796350
6718416
6718039
6520511
6511578
6493459
6478601
6455095
6342323
6197600
5984107
5942043
5898441
5880094
5807455
5771240
5576973
5505331
5435539
5422725
5387734
5377053
5341695
5219336
5136338
4968264
4965320
4951472
4817286
4763700
4724614
4679410
4648516
4602028
4583986
4576672
4572877
4534243
4403739
4329090
4277920
4258439
4194698
4131682
4129642
4120839
4095372
4088797
4076140
4070633
4064515
4039961
4029214
3970384
3938447
3924442
3917293
3859361
3820860
3641881
3567743
3533084
3508033
3501510
3479364
3467895
3464323
3441906
3430788
3427126
3417316
3394975
3370861
3261914
3258865
3227923
3170957
3151514
3134862
3120877
3108244
3094472
3081759
3069993
3060319
3045262
3035417
3012691
2972732
2972383
2906250
2834363
2833713
2823829
2803195
2802286
2792520
2772965
2769647
2757680
2718692
2714758
2703853
2662839
2654423
2645047
2612053
2601820
2601138
2600494
2585222
2561067
2556925
2530554
2520939
2520797
2482218
2468430
2430137
2406503
2395160
2368938
2363914
2346797
2346737
2310839
2310500
2289065
2279850
2238669
2237018
2230282
2218915
2192398
2175885
2162445
2155637
2141883
2116307
2108737
2079445
2070252
2048806
2040542
2035289
2028233
2022181
2019310
2007539
2004627
1997384
1995504
1994073
1992905
1989180
1987643
1979455
1974451
1966346
1963602
1930424
1916734
1890735
1881485
1878623
1839992
1814844
1762304
1756813
1747335
1727170
1718398
1711750
1695105
1692255
1679030
1662168
1647741
1628270
1622767
1610508
1592952
1591425
1580269
1574357
1566946
1561751
1551834
1546966
1539977
1537488
1530537
1523203
1517299
1514548
1492365
1483064
1480445
1461590
1459931
1457712
1447549
1416781
1410588
1380126
1338782
1324396
1321200
1312434
1284350
1280518
1276929
1273331
1272541
1271567
1269484
1268377
1262583
1259447
1258688
1247183
1233904
1228131
1217116
1213043
1211821
1210356
1190112
1187114
1186956
1172537
1161284
1145991
1136230
1132721
1132531
1123993
1106944
1099990
1084134
1083372
1081680
1080624
1078729
1054897
1053069
1051666
1047718
1041736
1027507
1023139
1021405
1015566
1013270
1006764
1005445
998572
998519
996638
986827
986538
985799
982446
975332
974236
969688
967126
961081
959568
955214
954551
953325
941828
941411
936151
930882
930740
924285
918612
916238
910574
910357
900383
897651
892765
891477
885919
882083
880573
871587
870208
869160
867341
849427
847284
847017
843396
840802
832253
830046
826485
804342
802585
802092
799128
783323
782255
780552
777548
769528
768058
763887
761236
760138
757742
757451
756387
752221
741812
740524
739406
732484
731845
729081
723418
721481
717922
716526
713174
701234
686325
681802
681646
676949
674298
671272
665908
664821
664374
661500
658855
658473
656823
655622
653562
653400
652511
651445
649235
648153
646711
645733
644937
639786
639620
637963
637917
635364
630792
626137
619890
618250
613178
611636
610632
605156
603405
603320
600597
596731
594738
581793
579867
577575
568972
562660
562155
561809
558756
554856
553597
549572
546301
546125
544682
541449
539446
537299
537034
534434
531093
528259
524931
522093
517866
517095
515253
514898
514000
511658
507549
506729
504346
502284
501894
498290
496433
496039
494416
493485
493232
488232
486752
485381
483451
481483
474546
474469
473554
473326
472138
466035
465092
463272
462933
462502
460172
459272
459017
455601
455036
446764
442090
441186
439299
438618
437514
436829
436682
435041
434011
431628
429658
427857
421679
420411
420031
415090
414602
410160
409878
408652
408312
405778
404918
404200
399407
397347
397022
396472
389318
389291
387771
386992
386499
385281
379743
377593
377427
377056
375847
375193
374707
374325
374014
370334
369536
369536
369348
367646
366315
365190
364711
364006
363622
362664
360639
359988
358524
357065
354974
352524
349781
348437
347453
345645
343907
341683
340314
334848
334293
333262
333217
332320
325898
325749
325066
324111
319019
315545
315390
314988
313767
312773
312166
311843
311291
311213
310329
310020
305343
302674
301814
301322
301045
300846
300432
298610
295338
293071
291528
290915
289657
289461
288952
288098
287301
286395
284961
283458
283359
277705
275360
274133
273477
272525
272352
272102
269909
269659
269658
269068
266081
265250
262508
261826
261786
260252
259689
259497
259049
255791
255787
253982
253780
253039
252951
252319
251666
250056
249799
248459
248365
247409
245885
244023
243936
243605
243502
243467
242079
242001
241392
241192
241116
240933
240861
239771
238444
237545
236955
236412
234667
233432
232267
231181
230830
228160
224954
224767
223640
222601
221976
221699
221474
220768
219368
218186
217989
215933
215818
215494
214560
213778
213771
213080
210534
210382
209201
208221
207641
207409
207234
207010
204447
204409
204171
203731
203334
202866
202808
202235
201485
201117
200122
199241
198654
198306
197237
196620
195633
195045
194898
194833
194468
194094
193633
193332
192721
191440
191065
190818
190742
190085
189350
187669
186361
186238
186072
186038
185430
185280
182985
182686
181385
180684
180427
179836
179128
178948
177978
177365
176612
176096
175742
175578
174382
173292
173048
172540
172357
172335
172103
171521
171243
170967
170801
169193
168640
167966
165652
164889
164715
164274
163597
163468
163037
162996
162232
161826
161344
160738
160728
160429
159566
158765
158656
158629
156956
155827
155287
155175
155171
153918
153593
153440
153270
152177
151635
151429
151279
150676
150353
149557
149373
149355
148590
148563
148178
147787
146350
146229
145806
145514
145249
144508
143580
142380
141182
140760
139864
138516
138165
138086
138062
136817
136448
136102
135507
135461
135453
134898
134744
134561
134220
133450
132942
132039
131883
131667
130975
130465
129388
128168
127389
127323
127282
126371
126286
126214
125904
125165
124537
124297
123929
123645
123247
123053
122945
122850
122348
121964
121961
121886
121314
121185
121134
121126
121022
120633
120556
120287
119211
118610
118458
117991
117523
117411
117310
117301
117202
116828
116408
116148
116089
116032
115622
115343
114198
113963
113913
113448
112964
112807
112440
111683
111461
111094
110358
110085
110064
109342
108398
108005
107544
107488
107480
107286
107198
106631
106580
106488
106483
105373
105276
104719
103961
103821
103426
102967
102702
102531
102516
102400
102219
101413
101401
101334
101204
100453
100364
100196
99699
99548
99280
99067
98450
97676
97373
97269
97152
97105
96417
96130
95682
95374
94236
94171
94000
93154
92963
92809
92696
92693
92520
92276
92104
91588
90902
90899
90865
90774
90607
90380
90380
90367
90181
89187
89093
88892
88678
88528
88389
88032
87941
87817
87063
86983
86760
86672
86430
86419
86216
86034
85487
84638
84569
84393
84392
84143
84139
83222
82933
82855
82645
82381
82144
81967
81426
81275
81105
80401
80347
80076
79936
79721
79665
79563
79514
79150
79121
78491
78290
78004
77812
77449
77389
77063
77016
76819
75860
75798
74877
74550
74408
74341
73575
73350
73287
73251
72999
72992
72952
72886
72427
72258
71920
71752
71707
71613
71012
70518
70516
70218
70160
69894
69209
69207
69081
67527
66720
65813
65679
65628
65277
64904
64842
64486
64361
63887
63323
62212
62208
62092
61705
61399
61068
60943
60761
60670
60322
60108
59854
59770
59729
59605
59229
59189
59004
58938
58304
58290
58271
58118
57703
57474
57094
57083
56944
56373
56337
56269
56173
56103
56059
55853
55121
55099
54648
54536
54372
54366
54314
54115
54022
53935
53914
53546
53537
52977
52448
52326
52213
52145
51944
51908
51907
51511
51331
51278
51045
50635
50608
50518
50380
50354
50155
50145
49792
49618
49500
49442
49313
49231
49231
49117
48997
48867
48433
48364
48126
48037
47940
47866
47698
47682
47311
47304
47243
47010
46638
46017
45789
45779
45764
45577
45380
45322
45196
45161
45001
44869
44560
44375
44333
44226
44151
43996
43949
43706
43680
43672
43524
43519
43482
43406
43196
43167
43001
42901
42829
42818
42198
42133
42076
42035
41407
41263
41239
41209
41152
40966
40900
40545
40435
40354
40323
39974
39857
39822
39640
39635
39381
39175
39169
39059
39012
38846
38658
38211
38196
38155
38123
38025
37956
37955
37842
37258
37156
37073
36888
36805
36544
36378
36303
36261
36210
36131
35741
35598
35427
35413
35400
35384
35313
35168
35160
34949
34839
34670
34539
34497
34314
34227
34133
34120
34078
33939
33938
33687
33677
33613
33349
33171
32817
32581
32196
32171
31700
31598
31493
31480
31480
31410
31389
31373
31118
30842
30825
30626
30626
30567
30288
30248
30240
30083
29961
29880
29820
29801
29799
29467
29456
29273
29268
29119
29023
29003
28991
28850
28619
28495
28442
28403
28049
27806
27619
27561
27482
27466
27257
27171
27146
27120
26936
26918
26910
26625
26621
26613
26594
26405
26331
26077
26059
25999
25768
25749
25726
25657
25583
25419
25403
25395
25264
25250
25248
25161
25153
25055
24947
24859
24854
24802
24800
24626
24467
24389
24207
24094
24086
23816
23723
23470
23443
23433
23235
23234
23135
23121
23014
22918
22855
22820
22817
22792
22739
22661
22629
22472
22278
22255
22217
22129
22112
21829
21735
21657
21514
21301
21273
21248
21205
21140
21111
21040
21014
20996
20680
20632
20606
20581
20501
20499
20462
20324
20271
20160
20150
20103
19966
19879
19847
19827
19818
19795
19789
19702
19657
19629
19562
19362
19328
19293
19149
19013
18971
18942
18908
18836
18707
18655
18597
18527
18323
18237
18227
18168
18035
18008
17965
17774
17738
17533
17424
17408
17400
17395
17370
17303
17290
17250
17158
17135
17039
17015
17001
16996
16891
16782
16745
16736
16657
16612
16486
16473
16456
16403
16314
16270
16263
16208
16200
16114
16089
15993
15985
15984
15893
15858
15756
15695
15670
15660
15523
15484
15480
15443
15316
15276
15246
15172
15154
14994
14881
14875
14796
14790
14743
14710
14665
14648
14554
14547
14310
14214
14174
14137
14027
13915
13874
13778
13754
13701
13611
13600
13428
13422
13421
13414
13376
13315
13234
13212
13170
13146
13131
13022
12999
12900
12820
12739
12720
12669
12640
12629
12530
12240
12180
12178
12023
12008
11966
11796
11722
11695
11673
11645
11640
11635
11629
11599
11577
11558
11435
11395
11347
11297
11274
11108
11056
11022
10998
10975
10786
10770
10602
10564
10556
10539
10536
10522
10485
10437
10433
10432
10358
10344
10334
10332
10282
10276
10236
10212
10186
10084
10070
10009
10006
9906
9758
9750
9750
9681
9651
9649
9609
9586
9524
9510
9417
9382
9247
9223
9136
9109
9072
9034
9013
8960
8955
8892
8862
8853
8828
8823
8788
8780
8767
8730
8714
8690
8684
8580
8579
8543
8454
8395
8346
8312
8280
8159
8097
8075
8061
8047
7992
7987
7951
7944
7888
7813
7747
7727
7721
7719
7610
7597
7521
7473
7453
7390
7382
7344
7315
7221
7215
7126
7076
7070
6976
6975
6966
6904
6875
6847
6836
6828
6822
6788
6769
6734
6612
6575
6558
6542
6515
6499
6490
6490
6490
6482
6433
6411
6348
6342
6328
6325
6314
6252
6204
6105
6104
6081
6048
6039
5996
5985
5920
5920
5900
5829
5824
5775
5670
5634
5609
5595
5595
5580
5549
5540
5529
5503
5478
5469
5432
5412
5372
5347
5307
5290
5285
5256
5198
5197
5170
5116
5116
5086
5042
5040
5003
4964
4954
4896
4889
4880
4838
4834
4830
4731
4683
4651
4643
4632
4625
4615
4543
4523
4494
4407
4393
4376
4345
4339
4286
4260
4231
4206
4155
4127
4119
4089
4007
4006
4000
3972
3958
3911
3825
3811
3800
3758
3731
3609
3533
3492
3480
3441
3439
3399
3399
3385
3379
3359
3330
3322
3290
3246
3238
3224
3217
3196
3191
3177
3176
3145
3139
3135
3119
3056
3039
2968
2964
2937
2887
2825
2789
2786
2701
2696
2680
2652
2627
2610
2608
2597
2588
2494
2453
2419
2411
2369
2352
2333
2301
2287
2275
2265
2170
2152
2146
2128
2113
2110
2076
2073
2055
2029
2029
2022
2017
2008
1957
1929
1892
1869
1839
1838
1832
1823
1801
1758
1748
1724
1715
1695
1638
1619
1610
1543
1519
1512
1463
1340
1315
1291
1286
1283
1229
1226
1193
1153
1142
1138
1122
1083
1071
1059
1037
1030
999
987
987
983
975
957
936
931
918
877
865
839
835
830
827
811
802
801
790
770
760
758
747
708
684
672
672
657
646
635
629
593
544
476
471
458
449
448
182
41